74
14312214322341422241421434413233314312144124244214421431111441133214314112
EOF
14
14422131412232
EOF
64
1121122233431334344341422433323142343224341412421133242334211424
EOF
3
341
EOF
46
1224432432443121121224241341313433312344442434
4324111322112111432441211243443313233421211132
EOF
6
113233
341112
EOF
4
3113
4122
EOF
80
31312231444233412422233341334322334423222321334443331443332144213231323332313341
EOF
90
443123332142211412144334111111334341233344323332124144322413134112132133221343323422434132
EOF
34
4114343122311212141133132423111121
EOF
91
1313331111313313434243334423423332112241232433233114344313122432222141423443211124211324123
EOF
80
41333344221411144324322211112114143211333222412344323242331434412322131433412142
EOF
33
213113422311312121323433233442423
EOF
64
3114244322411123334122131233111142442212434212431141113412331222
EOF
85
1424131421221124223432112242121213134311331233421221323423111421342134143211141131121
EOF
19
3221244223142434324
3423233132422333142
EOF
73
3323332121114133444224414242214122432122334413132113332322344444142133413
EOF
2
12
34
EOF
89
34141132114342232322323443233444222441444244121132442434143443224344414444133324234412414
EOF
94
1231233323322224312141242422322341113444343341343433313144314112131314131322421211313144324432
EOF
7
1413231
EOF
40
1421431321144212211312334334342121212422
1434313341433242313132241322314343411332
EOF
9
324131234
323231313
EOF
98
21213421331242444233214143214443431242213433144242424112132342124413442243142231112414334322143232
24323333442142311231224342224344134411343443422441412423424322344343213244424313311442334314414441
EOF
67
4433414214122241233231334431343343112212132223111232241122442444243
EOF
12
243114233341
EOF
36
444343234113314421122323323421223241
EOF
41
13131341432214122423311343434222241324124
EOF
98
44332141223233122122233224213132224313232123232142433124141124433341122413124443423243332142214341
23234144143241211424414242124321231411131244413241331114242313321121433424434344224144311441343324
EOF
30
431311444444231331123331324334
EOF
12
341433233444
EOF
41
23321422434433213341323321221243323211413
22343342133221224313131224413143431224212
EOF
95
31423141423211444414321134114242334241244424141223311214114124142442442141242111411344213114321
EOF
55
4234224134431412244341234111324231321423223124221342214
3414111332411421211134211221422144442213131114324433133
EOF
75
421442413231323213434312312433211121113332432114433413444222111142213231211
EOF
72
213334211123342341241413444133424332331144121341142144231421111312112114
EOF
8
24241341
EOF
41
22433141324221332433312314442113414214421
43213324414232243141133242312234322442341
EOF
1
4
EOF
49
2132144133344414231241221222232443414343142423122
3223113123433222313442132324113133444143241314421
EOF
94
1323344443124212312211444144131411443233132412341324222432232123142411111131311242133131324244
2244221323424123124141341111124234113323142331114131434434213232411323141434444221234314143143
EOF
59
44124432422123134413331112243221434221432243243424223313132
13222443233442323214432332441242413222311341431332134241244
EOF
7
1321144
EOF
88
2123313442432112123421421413231431241441412322332422222311213213234134112322322324122144
EOF
40
1323123311134142232222144243133224312311
4241123231413421211434411142313133414233
EOF
11
33124131412
EOF
71
23113224422343212214331133444332212224313321411224214331241432131421313
EOF
41
32233142334223112122414313234123311413132
13223311333142234444242344134133241114241
EOF
33
424141241121224433212231414212314
111343422321322422143232232211134
EOF
37
2213143121332214423114133332213141241
EOF
31
4124322434213114332422122423314
4223414222211441443422122421331
EOF
60
321444411344141314112212212223231344334341444141422132431331
223421332121144222313421322433324112214411411211133241122124
EOF
4
2234
EOF
71
31431423412124211211342111334241331124414432143233232122321234143212423
EOF
64
2123421312144324322234431432234221122212143222121331113413231321
EOF
88
4143111133341141341233414343222333123413322112141122212111414234424432112342324142323314
4211413343223212341142313412443413244141343132234321124132424231212414323444343142411244
EOF
90
343233233111432142341312444132122332111441411324134112411442333231213323144124441232113134
EOF
43
1343234424313423432433424142213133111132214
2222121314441241414311323444432324242111211
EOF
43
2332133342221242241423132312233441344431331
EOF
48
214212441324434333342334312311431242243434132111
114141121422423314421223222241312322322432244221
EOF
60
222113322441212112433342312224232443234444431423132144333323
EOF
14
13244223434433
EOF
83
43221233411131421121434432124424224242142232341333244231133132232443333322432142143
EOF
35
31143413223411423331113213411431434
EOF
46
3433414344411114234141414314134143333423431113
2243343413422122212314142311214312234243244311
EOF
61
2242132111334322414331433144332223322443114111133211424231234
EOF
3
331
EOF
52
3241342411131133323312332423221124321242221343414434
EOF
4
2222
2244
EOF
80
31341443412412111244224114334222114313334433412224324113124331424331441142144431
42322423312414231222244314323322343113442224243231433442222433432143332433433314
EOF
38
42443411242142423432221223133412232334
41131134321333231424341214411323424112
EOF
65
21433112241122214324441424234433441212412232333322431212241232242
34124434213243341442311334433213131211324112231222114223114113423
EOF
57
422232342433314322411243213241321432222443423441244324412
312414133232431113423232432323144313414333331232331134312
EOF
69
121124323114142411231433441421413212433342242431142413341411114323344
EOF
83
44411214422143113423243113233324213314213244342433241243421423224332342332122421344
EOF
25
2231122434412443132344113
3414224131241441421241442
EOF
94
3323322121212141431333242411233221133134122342223212342221214412431244412432421142323112212232
1123232412442232234312424324212242244144421123432313314341112214343334323131321131314231421342
EOF
4
1144
EOF
43
3411144323433424133413442412234232332322133
EOF
23
44143244411343224414341
11222122332341222121411
EOF
25
3424442431223222341232311
3312243144323322332113442
EOF
28
4211312324221324121432221442
EOF
59
13431132344221343143233322432141123441214232424313342424144
44322414312421414233432341413131431432411414212313334331132
EOF
90
121434323141223223434332224114322142313422132243323422433433143222244423433321221221212233
EOF
13
2421111313222
1121222323112
EOF
39
344322433414431231124421443322344443133
312141442341223114134241212344424422221
EOF
33
242434244314141111222444221121242
EOF
73
3423431441423211323314231122213124321331413424143321232323124112133132121
EOF
13
1434142331143
EOF
2
14
23
EOF
75
442143141424222434324342224211234224121332342144223413144342421341224134214
244214423413432142322214423212342242313343434434242322111334221231212334332
EOF
49
4431341344312144114444323432423143423421342341411
EOF
25
4432114434141242212244432
2243421443422323232113232
EOF
89
13342141344132231111433133413231313231241234312114431311341111233134343433233144421143423
EOF
78
143224322111311333411422311424342343214234312323243421323324141412211324324412
EOF
33
211132331112322441143424222242343
EOF
38
23143432244431343234232314233422444121
EOF
42
134421124344413331423122333424343233424434
EOF
61
1331424241132313442131142321142134212431111113443442144243321
EOF
50
34422443144232331242343231341132411241121134342232
EOF
