7
3 3 2 2 4 2 3 1 2
3 3 3 4 1 2 4 3 2 2
2 2 3 4 1 3 3 1 4 3
2 1 2 1 1 1
2 2 3
2 4 1 1 4 2 3 1 1 1
1 1 3 4 3 4
EOF
3
1 1 3 3 4 1 4 4 4 2
3 1 4 1 4 4 1 3 2
3
EOF
1
2 1
EOF
7
2 4 1 1 4 4 1 4 2 1
2 4 4
4 3 4 4 1 3 2
2 2 4 1 2 1
3 3
4
4 4 2 4 3 2 4
EOF
2
1 4 4 3 2 1 4 1 3 3
2
EOF
9
1 4 3 3 4 3 4 2
3 3 1
3 2 3 1 2
2 3 4 1
1 1 2 3 4 4 4 1 1
4 1 1 3 4 2 4 2 2
4 4 1 1 2 4 4
4 2 2 4 2 1 1
4 2 4 3 3 4 2
EOF
3
1 1 1
3 4
2 2 2 1 2 3 4 4 1 2
EOF
2
3 4
3 3 4 2 4 4 1
EOF
6
1
2 1 3 4 4 2 3
3 4 2 4 2 3 3 3
3
2 3 3 1 4 2
3 4 4
EOF
2
4 1 1 2 3 4
4 3 2 1 4 2 2
EOF
7
3 3 4
1 4 4 4
4 3
3 4 4 2 1 4
4 4 2 1 1 1 4
2 4 3 4
4 3 4 3 1
EOF
4
3 4 3 2 2 3 3 3 2
1 3 2 1 1 2 1 3 4
4 3 3 2
4 2 2 4 4
EOF
2
1
4 3 4 3 4 3
EOF
7
2 1 3 4 3 2 4
2 2 3 3 4 2 4
2 4 1 4 1 4 1 1
1 1 4 3 1 1
3 1
3 3
4 1 4 4 3 1 3
EOF
7
1 4 2 3 2
4 3 1 4 3
4 3 4 4 2 4 1 1
3 1 3 1
2 2 4 3 1 2 1
3 2
2 3 4 1 2 2 1 4
EOF
5
3 1 4 4 4
3 2 3
1 4
1 2 1 2 1 3 3 3 1
1 1 4 1 3 3 3 4
EOF
9
1 1 2 3 2
4
3
4 4 1 4 4
2
2 3 3 3 1 1 4 4
1 1 3 1 3
4 3 2 4 3
1 3 4 1 2 4 3 2 1
EOF
8
4 1 1 3 2 3 2
4 1
3 4 4 1 3 1
3 3 1 2 1
1 2 4 2 1 2 1 2 3 4
4 1 2
4 4 3 4 3 2 3 2 2
3 4
EOF
1
2 1 2
EOF
6
1 1 2 2 2 2 2 4 1
3 1 1 3 4 1 4
2 3
1 2 4 3 1 2 2
3
3 3 4 1
EOF
9
1 1
3 2 3 2
4
2 4 1 1 4 2 2 4
1 1 3
2 3 4 2 4 1 3 3 4 4
4
3 2
2 3
EOF
7
3 3
3
1 4 2 1 4 4
3 2 4 1 1 2 1 1
1 3 2 4 4 4
1 4 3
4 2 2 4
EOF
1
2
EOF
8
2 2 4 3 3 4 2 1 4 1
4 2 3 3 4 2 1 2
4 3 3 3 4
3 2 4 1
3 3 1 4 2 2 4 1
3 3 1 4 2 3 1 3
3 1 2
4
EOF
2
4 3 1 1 2 1
4 3
EOF
5
4 2 2 2 4
3 4 3 4 1 4 2 3 2
4 2 3 4
1 3 4 2 4 1 1
1 3 2 4 4 2 1
EOF
1
3 4 3 4 2 1
EOF
8
3 1 1 1 1 3
2
2 4 1 2
1 3 4 3
2 2 4 4 3 3 2 4 3
2 2 2 2 4 2 1 1 1 1
1 4 1 1 3 4 4 2 2 1
2 4 2 2 3 4 4 1 1 4
EOF
7
2 1 1 2 1 1 3 1 3 1
2
4 4
3 2 2 1 2 2 4 3 4
2 1 1 3 1
4
3 1 2 3 4
EOF
2
2 2 3 2 4 4 3 4
2 4 4 4 4 3 1
EOF
3
1 1 1 3 1 4 4
3 2
2 4 2 1 1 1 3 4
EOF
4
1 3 4 2 1 3
3 1 2 3
1 4 1 4 4 1 2 2 1
2 2 3 4 2 3 1
EOF
5
2 2 1 3 1 2
3 4 2 3 3 3 4
3
3 1 4 1 2
3 1
EOF
8
1 2 2
3 3 2 2 3
1 2 2
1 4 1 1 3 2 4 4
3 2 1 2
1 4 3
2 1 4
3 2 4 1 3
EOF
7
3 1
4 4 4 2 4 2 4 4
1 1 2 1 1 3
4 1 4 1 2 3 2 4 1 2
1 4 3 3 4 3
1 4 3 3 1 4 4
2 1 4 1 1 4 2 1 4
EOF
3
2 1 1
4 4 1
1 1 1 1 3 1
EOF
7
2 4 1 1 2 4 1 4 4 4
2 1 1 3
1 2 4 1 1 2 2
3 3 1 1
1 2 2 1 3 2 4 4 4 2
3 1 1 1 2 4 4
3 3 1
EOF
4
4 4 3 2
3 2 2 2
2 1 4 1 4 4 4 1 4
1 1 1 2
EOF
8
2
2 1 1 4 1 3 3 3 4
1 4 2 3 3 4
2 1 1 1 2 2
4
1 1 4
4 4 2 4 2 4 4 3 2 1
4 2 2
EOF
9
2 4 4 1 3 1 4
3
1 3 1 2 2
1 1 4 4
3 2 2
1
2 1 3 2
3 2 3 1 3 2 1 2 1
4
EOF
4
3 3 1 4 4 3 2
3 4 2 1 4 2 2 2 1
4 2 4 4 4 1 4 1 3 1
1 4
EOF
5
3
2
1 4 4 2 2 2 3 2 4
1
3 3 3 3
EOF
9
4 1
3 1 3 1 4 3
2 4 2 4
3 3 2 2 4 2 3 4 3
3 3 4 1 4 4
3 3 4 2 2 4 3 2
3 1 1 1 3 3
2
2 1 4 2 4 3
EOF
8
4 3
3 4 2 1
1 4 3 3 4
4 3 1 1 3 4 2
1 1 1 4 1 4 2 3 3 1
4 3 3 2 4 1
3 4 3 4 4 3 2 3 3 4
2 3 3 3 3 3 2 2 4
EOF
5
2 1 1 3 1 3 2 1
3 3 3 1 3 2 4 2
2
1 4 2
1 1 3 1
EOF
5
3 1 1 3 3 1 1
1 4 2 1 4 3 1 1 2
1 4 1 3 1
2 2 2 2 2 4
4 2 1 2 2 3 4
EOF
3
4
4 1 4 3 1 4 3 4 1
1 2 4 1 4 1 2 4 4
EOF
8
2 4 3 2 1
3 3 3 2 2 4 1
4 3 3 4
3
1 4 1 4 2 2 2
1 2 4
4 4 1 2 2 3 1 2 1
3 3 3 4 3 2 2 2
EOF
6
2 2 4 1 1 4
2 4 1 3 4 4 4
1 4 2 4 1 2 4
1 1 3 1 1 1 4 4
2 2
1 2 1 1 3
EOF
9
2 1 2 4 1 4 3 2 1
4 3 1
3 2 2
3 1
1 1 4 2 4 4
4 1 2 2 2 4 4
1 1 1 4 4
4 3 3 3 1 1 1 2 1
1 3 4 1 2 3
EOF
6
3 1 2 2 2 3 3
1 1 1 3 2 2 3 3 2 2
4 3
2 3 4 2 2 4 1 1 2
3 2 4 2 1 4 2
2 2 2
EOF
1
3 4 3
EOF
8
1 3 4 4 4 3 4 3 3 2
2 4 2 2 3 2 2
4 2
3 2 2 4 1 1 2
4 4 2 4 3 2 3 4 3 4
3 2 1 2 4 1
4 3 2 2 3
1 1 2 1 2 2 2 4 3
EOF
3
3 1 1 4 1 4 1
2 2 4 1 1 1 4
1 2 2 1 3 1 3 2 1
EOF
3
1 2 1 1 3 4 2 4 1
2 4
4
EOF
6
1
4 4 3 1 4 1 1
2 4 1 1 1 2 3 4 1
1 3 1
1 2 4 1 1 3 1 1
4 4 1 4 1 3
EOF
2
4
4 4 1 3 2
EOF
9
2 2 4 4 2 3
3
3 2
4 1 4 1 4 4
2 4 1 4
1 4 3 2
1 1 2 1 2
3 1 4 4 2
1 4 3 1 4 4 4 1
EOF
9
1
2 1 1 4 3 4 4
2 3
2 3 4 3 2 4 4 3 3
4 4 1 1 2 2
3 4 3 3 1 1 2
3 1 1
4 2 1 3 2 3 1 4
4 2 4 4 1 1 2
EOF
8
1 4
1 1 3 2
3 3 1 4
2 3 4 4 3 2 2 4 4
1 1 4 3
2 1 2 4 2 3 1 4
1 3 1 3 4 2 2 1 2
1 2 2 4 3
EOF
4
3 1 1 3 3 3 2 1
4 3 4 2
1 4 2 1
4 3 3 1 1 3
EOF
4
3 1 2 3 2 2 1 1 4 3
1 4 3 1 2 4 2 4
2 4 2 2
4 4 1 3
EOF
5
1 2 4
3 2 1 2 3 1
1 2
2 3 3 1 2 1 4 1
3 3 1 3 4 1 1
EOF
7
4 2
3 4 3 3 2 3 1
4 2 3 4 1 2 4 2
4 3
3 1 3 2 2
1 4 3 3 3 4 3 3 2
4 4 3 3 1 3 2
EOF
2
1 2 2 3 4 2 1 3 4 3
2 4 2 2 1 3 2
EOF
7
4 3 4 4 4 3
4 2
4 4 4 3 3 3 1 2 1
2
3 1 2 3 2 3 4 3
1 1 3 2 4 2 3 1 2 1
3
EOF
8
2 3 4 3 2 1 3 1 2 3
4 2 3 3 3 4
1 3 2 2 4
2 2 1 1 4 3 2
3 2
2 4 3 3 4 2 2 1 1
1 3 3 4 4 2 4
2 1 1 3 3 4 2 4 1 2
EOF
5
4 2 2 3 4 4 1 2 4
1 3 1 2 3 3 2 1 4 2
3 2 1 4
3
2 4 4 3 4 1 1 2
EOF
8
4 1 4 1 3 4 3
1 1 2 1
3 3 1 2 1 3 4
1 3 1
2 1 3 1 2
4
2 3
4 1 3
EOF
9
3 1 3 1 4 3 1 4
4
4 1 3 1 2 4 3 3 3 1
1 2
1 3 3 2 4 4 3
3 3 4 2 4 2 1 1 3 1
2 1 3 3 4 1 3 3 1 3
2
4 4 4 2 3 1 3 4 2
EOF
2
2 4 3 1 2 1 1 4 2
2 1 1 2
EOF
2
1 2 1 4 1 1 3 4 2 3
1 2 2 4 1 2
EOF
4
1 3 2 2 2 4 3 3 3
1 1 2 2 2 1
2 3 1 1 1 1 2
3 3 1
EOF
2
1 4 1 4 4 2
2 3
EOF
4
4 3
1 4 1 2 3
2 2 3 4 2
4 3 1 3 4
EOF
5
2 4 2 4 1 1 2
3 3 3 1 2
2 4 2 3 2 4 2 1
1 1 2 2 3 3
2 3 4 4 4 3 4 3
EOF
9
3 1 1 1 3 1 1 1
2 1 4 2 4
1 3 2 2 1 2 2 1 4 4
2 4 2 3 1 3 1 4 2 2
3 4 2 4 3 1 1 3 1 2
1 2 4 4 3 3
1 1
2 2 2 1 2 3
1 1 4 1 1
EOF
4
1 1 4 2 2 4 4 2 4 2
3 3 4 4 1 3 3 2
2 2 4 3 3
4 3 2 3 3 3
EOF
6
4
1 1 4 3 4 3
3 4 2 2 3 1
1
3 4 2
1 3 4 4 1 2 2 3 4 3
EOF
1
3 2 3 1 2 4 2
EOF
1
4 2 3 2 1 1 1 4
EOF
9
4 1 1 4 1 4 3 2 3
2 2 3 4 1 2 3
3 2
4 3 2
2 3 4 3 2 2 3
1 2 3 4 2
2 1 2 2 4 4 3 1
1
3 1 3 1
EOF
9
3 4 1 1 2
4 1 2 1 3 1 4 2 3
3 4 1 3 2 3 4 4 2
1 4 4 1 2 3
3 2 1 2 1 1 4 2 2
4 4 3 4 4 1 3 2 3
4 1 1 3 3 2 4 1 4 2
2 3 1 3 3
4 4 3 1 4 3 3 1
EOF
1
3
EOF
4
1 2 2 2 4 1 4
3
2 3 1 4 1
4 2 3 1 1 1 2 3
EOF
6
4 1 1 3 1
2 1 3 4 2 1 3
2 3 1 2 4
2 4 2 3 3 4 3 2 1
4 4 4 4 4 2 3 2 3 3
4 1 4 4 2 1 1 4
EOF
6
4 2 4 4 2 2 1 1 4 4
1 2 3 3 2 2 3 3 1
2 1 1 3 2 3 4 2
2
3 1 1 1 2
4 2 1 3 2 2 4
EOF
6
4 1 2 4 1 1 2 4 3 1
1 1 3 2 4 4 1 3 2 4
2 1 3 3 3 3 3 4
4 3 3 4
4 2 3 1 4 1 1
2 3 1 1 1 3 4 1
EOF
4
2 1 4 3 1 3 2 3 4
2
3 3 3 2 2 1 4 2 1 1
3 4 2 1 3 1 1 4 3 1
EOF
7
1 2 4 4 1 1 4
3 2 3 4 3 4 4 4
3 4 4 2 1 1 1 1 2 4
4 4 3 2 4 1
1 3 2 2 1
1 4 2 4 3 3 4 1 4
1 1 3 4 4 2 2 4
EOF
9
1
3 1 1 4 3 2 3
2 1 4
2 2 4 3 3 3 3 1 4 2
2
4 1
2 4 4 4 4 2 3
3 2 2 3 4 4 1 4 4 3
1 3 4 1 3 1 1 1
EOF
9
2 1
1 4 1 1 2
2 3 1 3 2
4 1 2 4 4 1 1 3
2 1 2 1 3 2 3 4 1 3
3
1 2 4 4 4
3 3 1 4 1 2
1 2 3
EOF
9
3 3 1 1 1 4 2 2 1 3
2
3
2
1
1 2 3 1 4 3
4 2 1 2 4 3 2 3 1
3 1 1
3 1 4 4 1
EOF
3
2 2 3 2 3
2 1 1 2 2
4 2 2 1 1
EOF
6
1 2 4 4 3 1 4 4 2
3 3 2
3 4 4
2
3 2 3 4 3 4 2 2
2 1
EOF
6
2 2 2
4 4 3 4 2 2 4 2 1
4 3 3 3 4 2 4
4 4 3 4
4 2 4 2
3 4 1 2 1 1 2 4
EOF
7
1
3 4 1 2 4 1
3 2 1 4 1 3 4 4 3 4
4 2 4 2 1 1 4 4 2
2 3 4 3
1 1 3 1 3 3 4 3 4 2
4 1 4 4 4
EOF
1
2
EOF
8
2 4 2 1 4 2 3 4 1 4
3 1 2 2 4 4 3 3 3 2
3 2 3 3 3 4 3 2 3 4
4 3
2 4 1 3 1 2 1 1
1 2 2 4 4 2 3 3
1 2 3 1 4
3 4 2 1 3
EOF
1
1 1 3 1 1 1
EOF
